import numpy as np

H_SOBEL_5X5 = np.array([
    [ 2,  2,  4,  2,  2],
    [ 1,  1,  2,  1,  1],
    [ 0,  0,  0,  0,  0],
    [-1, -1, -2, -1, -1],
    [-2, -2, -4, -2, -2],
])

V_SOBEL_5X5 = np.array([
    [2, 1, 0, -1, -2],
    [2, 1, 0, -1, -2],
    [4, 2, 0, -2, -4],
    [2, 1, 0, -1, -2],
    [2, 1, 0, -1, -2],
])

H_SOBEL_3X3 = np.array([
    [-1, -2, -1],
    [ 0,  0,  0],
    [ 1,  2,  1],
])

V_SOBEL_3X3 = np.array([
    [1, 0, -1],
    [2, 0, -2],
    [1, 0, -1],
])

NO_EFFECT = np.array([
    [0, 0, 0],
    [0, 1, 0],
    [0, 0, 0],
    ])

BOX_BLUR = np.ones((3,3), np.float32)/9